<?xml version="1.0"?>
<opencv_storage>
<mHomog type_id="opencv-matrix">
  <rows>3</rows>
  <cols>3</cols>
  <dt>d</dt>
  <data>
    -4.3942372554390274e-01 -2.5690000108391925e-01
    4.5530415027001300e+02 -4.2712481125767859e-01
    8.7001807295126643e-01 3.2098251708785142e+02 1.0388611614228217e-04
    1.1888671386469480e-03 9.9999999999999989e-01</data></mHomog>
</opencv_storage>
